222222222255555555552222222222555555555522222222225555555555
222222222255555555552222222222555555555522222222225555555555
222222222255555555552222222222555555555522222222225555555555
222222222255555555552222222222555555555522222222225555555555
222222222255555555552222222222555555555522222222225555555555
555555555522222222225555555555222222222255555555552222222222
555555555522222222225555555555222222222255555555552222222222
555555555522222222225555555555222222222255555555552222222222
555555555522222222225555555555222222222255555555552222222222
555555555522222222225555555555222222222255555555552222222222
222222222255555555552222222222555555555522222222225555555555
222222222255555555552222222222555555555522222222225555555555
222222222255555555552222222222555555555522222222225555555555
222222222255555555552222222222555555555522222222225555555555
222222222255555555552222222222555555555522222222225555555555
555555555522222222225555555555222222222255555555552222222222
555555555522222222225555555555222222222255555555552222222222
555555555522222222225555555555222222222255555555552222222222
555555555522222222225555555555222222222255555555552222222222
555555555522222222225555555555222222222255555555552222222222
222222222255555555552222222222555555555522222222225555555555
222222222255555555552222222222555555555522222222225555555555
222222222255555555552222222222555555555522222222225555555555
222222222255555555552222222222555555555522222222225555555555
222222222255555555552222222222555555555522222222225555555555
555555555522222222225555555555222222222255555555552222222222
555555555522222222225555555555222222222255555555552222222222
555555555522222222225555555555222222222255555555552222222222
555555555522222222225555555555222222222255555555552222222222
555555555522222222225555555555222222222255555555552222222222