333333333355555555553333333333555555555533333333335555555555
333333333355555555553333333333555555555533333333335555555555
333333333355555555553333333333555555555533333333335555555555
333333333355555555553333333333555555555533333333335555555555
333333333355555555553333333333555555555533333333335555555555
555555555533333333335555555555333333333355555555553333333333
555555555533333333335555555555333333333355555555553333333333
555555555533333333335555555555333333333355555555553333333333
555555555533333333335555555555333333333355555555553333333333
555555555533333333335555555555333333333355555555553333333333
333333333355555555553333333333555555555533333333335555555555
333333333355555555553333333333555555555533333333335555555555
333333333355555555553333333333555555555533333333335555555555
333333333355555555553333333333555555555533333333335555555555
333333333355555555553333333333555555555533333333335555555555
555555555533333333335555555555333333333355555555553333333333
555555555533333333335555555555333333333355555555553333333333
555555555533333333335555555555333333333355555555553333333333
555555555533333333335555555555333333333355555555553333333333
555555555533333333335555555555333333333355555555553333333333
333333333355555555553333333333555555555533333333335555555555
333333333355555555553333333333555555555533333333335555555555
333333333355555555553333333333555555555533333333335555555555
333333333355555555553333333333555555555533333333335555555555
333333333355555555553333333333555555555533333333335555555555
555555555533333333335555555555333333333355555555553333333333
555555555533333333335555555555333333333355555555553333333333
555555555533333333335555555555333333333355555555553333333333
555555555533333333335555555555333333333355555555553333333333
555555555533333333335555555555333333333355555555553333333333